-2.00000000e+00 1.73333440e-02
-1.87755100e+00 1.94960080e-03
-1.75510200e+00 1.71328270e-02
-1.63265310e+00 1.76067380e-02
-1.51020410e+00 8.95807600e-03
-1.38775510e+00 8.87807040e-03
-1.26530610e+00 2.24658130e-02
-1.14285710e+00 8.51861930e-03
-1.02040820e+00 2.01554940e-02
-8.97959180e-01 4.60591460e-03
-7.75510200e-01 4.10922120e-02
-6.53061220e-01 1.74614110e-02
-5.30612240e-01 1.47604600e-02
-4.08163270e-01 2.17488040e-02
-2.85714290e-01 2.98955480e-02
-1.63265310e-01 2.33972950e-02
-4.08163270e-02 1.08536670e-02
8.16326530e-02 1.74665180e-02
2.04081630e-01 6.61202290e-02
3.26530610e-01 8.99146340e-03
4.48979590e-01 7.73007030e-02
5.71428570e-01 7.49903660e-02
6.93877550e-01 8.57132850e-02
8.16326530e-01 1.55649630e-01
9.38775510e-01 2.38646930e-01
1.06122450e+00 3.16102340e-01
1.18367350e+00 3.91616560e-01
1.30612240e+00 4.85551830e-01
1.42857140e+00 5.82349570e-01
1.55102040e+00 6.25210060e-01
1.67346940e+00 7.47920960e-01
1.79591840e+00 8.13870840e-01
1.91836730e+00 8.52888250e-01
2.04081630e+00 8.67035210e-01
2.16326530e+00 8.97731630e-01
2.28571430e+00 9.61931000e-01
2.40816330e+00 9.78516500e-01
2.53061220e+00 9.44784420e-01
2.65306120e+00 9.61483460e-01
2.77551020e+00 9.63294420e-01
2.89795920e+00 9.81606680e-01
3.02040820e+00 9.86383250e-01
3.14285710e+00 9.73263160e-01
3.26530610e+00 9.87656980e-01
3.38775510e+00 9.66683070e-01
3.51020410e+00 9.92881950e-01
3.63265310e+00 9.72532350e-01
3.75510200e+00 9.95376340e-01
3.87755100e+00 9.91135080e-01
4.00000000e+00 9.84818290e-01
